
Start_LU_7053_v2	-807.5	-604	-883.5	-540.5	
Start_LU_3577_v2	-524	-357.5	-702.5	-227	
Start_LU_7254_v2	-698	-221	-956.5	16.5	
Start_LU_9497_v2	-326	-224.5	-423.5	-204.5	
Start_LU_7469_v2	-222	-55.5	-360.5	44	
Start_LU_3679_v2	-50.5	115.5	-293.5	201	
Start_LU_4686_v2	110.5	601.5	-835	708	
Start_LU_4545_v2	221.5	851.5	-831.5	959	
Start_LU_8745_v2	663.5	802.5	550.5	885.5	
Start_LU_984_v2	412	1120.5	-666	1291	
Start_LU_3350_v2	754	1175	-395.5	1340	
Start_LU_Ridgeline_v2	1267	1377.5	1251	1383.5	
Start_LU_5284_v2	1274	1385.5	1223.5	1400.5	
Order()	
@Start_LU_7053_v2	-807.5	-604.5	-884.5	-539.5	
@Start_LU_3577_v2	-524.5	-357	-709	-225.5	
@Start_LU_7254_v2	-696.5	-223.5	-958.5	15.5	
@Start_LU_9497_v2	-326	-224	-421	-204.5	
@Start_LU_7469_v2	-222.5	-55.5	-359.5	44.5	
@Start_LU_3679_v2	-50.5	115.5	-292	201.5	
@Start_LU_4686_v2	101	601.5	-837.5	709	
@Start_LU_4545_v2	220.5	851.5	-831	959	
@Start_LU_8745_v2	664	803.5	543.5	880.5	
@Start_LU_984_v2	384	1122	-676.5	1292.5	
@Start_LU_3350_v2	754	1174.5	-480	1343	
@Start_LU_Ridgeline_v2	1266.5	1377.5	1250	1384	
@Start_LU_5284_v2	1274	1385.5	1224	1401	