
Exp(1,-10,0)	-1.24	-0.05	-3.19	-0.05	
U(0,3)	2.21177e-017	3	2.21177e-017	3	
Charcoal	
IntCal20	
SC_colonization	-960	-863	-1052.5	-833	
After()	-900		-854.5		
Start LU-3577_v2	
Beta-240800	-737	-414.5	-753.5	-404.5	
Beta-240791	-737	-414.5	-753.5	-404.5	
Beta-240797	-412.5	-232.5	-513.5	-206.5	
Beta-240792	-402.5	-232	-414.5	-201.5	
Beta-240796	-392	-229.5	-399	-201.5	
Beta-240795	-380	-207.5	-393	-195.5	
Beta-240799	-380	-207.5	-393	-195.5	
1	
End LU-3577_v2	
C_Date(1830)	1829.5	1830.5	1829.5	1830.5	
Before()		1830.05		1830.05	
LU-3577_v2	
@Charcoal	-30	2.5	-179.5	2.5	
@	
@	0.09	1.902	3.59955e-017	2.205	
@SC_colonization	-960.5	-863	-1053.5	-833	
@Start LU-3577_v2	-524	-357.5	-702.5	-227	
@Beta-240800	-476	-345	-564.5	-185	
@Beta-240791	-475.5	-345	-564.5	-184.5	
@Beta-240797	-409.5	-328	-463	-185.5	
@Beta-240792	-402	-255.5	-411.5	-177	
@Beta-240796	-393.5	-233	-399.5	-185	
@Beta-240795	-387.5	-246.5	-393.5	-181.5	
@Beta-240799	-387.5	-249	-393.5	-182	
@End LU-3577_v2	-370.5	-169.5	-380.5	-50.5	
@	1829.5	1830.5	1829.5	1830.5	