
Exp(1,-10,0)	-1.24	-0.05	-3.19	-0.05	
U(0,3)	2.21177e-017	3	2.21177e-017	3	
Charcoal	
IntCal20	
SC_colonization	-960	-863	-1052.5	-833	
After()	-900		-854.5		
Start LU-3679_v2	
WK-18327	-30	106.5	-41	120.5	
WK-15324	81.5	205.5	26	228	
WK-18320	130	211.5	83	240	
WK-16985	175.5	320	130	326	
1	
End LU-3679_v2	
C_Date(1830)	1829.5	1830.5	1829.5	1830.5	
Before()		1830.05		1830.05	
LU-3679_v2	
@Charcoal	-14	2.5	-90	2.5	
@	
@	3.59955e-017	1.176	3.59955e-017	2.028	
@SC_colonization	-960	-863	-1052	-833.5	
@Start LU-3679_v2	-50.5	115.5	-293.5	201	
@WK-18327	27.5	122.5	-36	203.5	
@WK-15324	93	208.5	31	255.5	
@WK-18320	130.5	215.5	81.5	275	
@WK-16985	135	252	124	332	
@End LU-3679_v2	166	342	129	644	
@	1829.5	1830.5	1829.5	1830.5	