
Exp(1,-10,0)	-1.24	-0.05	-3.19	-0.05	
U(0,3)	2.21177e-017	3	2.21177e-017	3	
Charcoal	
IntCal20	
SC_colonization	-960	-863	-1052.5	-833	
After()	-900		-854.5		
Start LU-3350_v2	
Beta-13735	1032	1153.5	996.5	1197.5	
Beta-13736	1035.5	1155.5	1021.5	1205.5	
1	
End LU-3350_v2	
C_Date(1830)	1829.5	1830.5	1829.5	1830.5	
Before()		1830.05		1830.05	
LU-3350_v2	
@Charcoal	-34	2.5	-245	2.5	
@	
@	3.59955e-017	1.611	3.59955e-017	2.52	
@SC_colonization	-960.5	-862.5	-1053.5	-833	
@Start LU-3350_v2	754	1175	-395.5	1340	
@Beta-13735	1040.5	1168	998.5	1336.5	
@Beta-13736	1046.5	1168.5	1016.5	1345	
@End LU-3350_v2	1084.5	1422.5	1054	1750.5	
@	1829.5	1830.5	1829.5	1830.5	