
Exp(1,-10,0)	-1.24	-0.05	-3.19	-0.05	
U(0,3)	2.21177e-017	3	2.21177e-017	3	
Charcoal	
IntCal20	
SC_colonization	-960	-863	-1052.5	-833	
After()	-900		-854.5		
Start LU-4545_v2	
WK-11506	605.5	663.5	573	772	
WK-11507	710	880.5	677.5	942.5	
1	
End LU-4545_v2	
C_Date(1830)	1829.5	1830.5	1829.5	1830.5	
Before()		1830.05		1830.05	
LU-4545_v2	
@Charcoal	-54.5	2.5	-327.5	2.5	
@	
@	0.039	2.124	3.59955e-017	2.643	
@SC_colonization	-960.5	-864	-1054.5	-833	
@Start LU-4545_v2	221.5	851.5	-831.5	959	
@WK-11506	603	775.5	572.5	1001.5	
@WK-11507	704	895	670.5	1079.5	
@End LU-4545_v2	720.5	1217	695	1710.5	
@	1829.5	1830.5	1829.5	1830.5	