
Exp(1,-10,0)	-1.24	-0.05	-3.19	-0.05	
U(0,3)	2.21177e-017	3	2.21177e-017	3	
Charcoal	
IntCal20	
SC_colonization	-960	-863	-1052.5	-833	
After()	-900		-854.5		
Start LU-4686_v2	
WK-13001	407	535.5	265	547.5	
WK-16932	538	598.5	435	633	
1	
End LU-4686_v2	
C_Date(1830)	1829.5	1830.5	1829.5	1830.5	
Before()		1830.05		1830.05	
LU-4686_v2	
@Charcoal	-46.5	2.5	-332.5	2.5	
@	
@	3.59955e-017	1.788	3.59955e-017	2.628	
@SC_colonization	-961	-863	-1054.5	-832.5	
@Start LU-4686_v2	110.5	601.5	-835	708	
@WK-13001	415	565	266.5	841.5	
@WK-16932	447	630.5	431	827.5	
@End LU-4686_v2	484	953	448	1749.5	
@	1829.5	1830.5	1829.5	1830.5	