
Exp(1,-10,0)	-1.24	-0.05	-3.19	-0.05	
U(0,3)	2.21177e-017	3	2.21177e-017	3	
Charcoal	
IntCal20	
SC_colonization	-960	-863	-1052.5	-833	
After()	-900		-854.5		
Start LU-5284_v2	
Beta-171845	1270	1379	1229	1390	
Beta-180372	1286	1392.5	1277.5	1401	
AA-51256	1298.5	1392.5	1288	1398	
Beta-171844	1299	1394	1287	1401	
AA-51257	1300.5	1395	1292	1401	
1	
End LU-5284_v2	
C_Date(1830)	1829.5	1830.5	1829.5	1830.5	
Before()		1830.05		1830.05	
LU-5284_v2	
@Charcoal	-12	2.5	-63	2.5	
@	
@	3.59955e-017	1.083	3.59955e-017	1.77	
@SC_colonization	-960.5	-862.5	-1052.5	-833	
@Start LU-5284_v2	1274	1385.5	1223.5	1400.5	
@Beta-171845	1289.5	1393.5	1275	1408.5	
@Beta-180372	1299	1396	1286	1411.5	
@AA-51256	1301.5	1395.5	1291	1410.5	
@Beta-171844	1302	1396	1291	1411	
@AA-51257	1303	1395.5	1293.5	1410	
@End LU-5284_v2	1311.5	1422	1299.5	1475	
@	1829.5	1830.5	1829.5	1830.5	