
Exp(1,-10,0)	-1.24	-0.05	-3.19	-0.05	
U(0,3)	2.21177e-017	3	2.21177e-017	3	
Charcoal	
IntCal20	
SC_colonization	-960	-863	-1052.5	-833	
After()	-900		-854.5		
Start LU-7053_v2	
Beta-218343	-803.5	-591.5	-809.5	-545.5	
Beta-228302	-790	-568	-800	-541.5	
Beta-218273	-783.5	-566.5	-797.5	-539	
Beta-228301	-769	-544.5	-785.5	-477	
Beta-231699	-539.5	-404	-748.5	-395	
Beta-120571	-749	-390.5	-792	-206	
1	
End LU-7053_v2	
C_Date(1830)	1829.5	1830.5	1829.5	1830.5	
Before()		1830.05		1830.05	
LU-7053_v2	
@Charcoal	-22.5	2.5	-137	2.5	
@	
@	3.59955e-017	1.41	3.59955e-017	2.1	
@SC_colonization	-962	-863.5	-1054.5	-833.5	
@Start LU-7053_v2	-807.5	-604	-883.5	-540.5	
@Beta-218343	-782	-549.5	-798.5	-501	
@Beta-228302	-766.5	-544.5	-788	-492	
@Beta-218273	-764	-542	-784.5	-490	
@Beta-228301	-751	-539.5	-773	-473.5	
@Beta-231699	-736	-499.5	-751.5	-414	
@Beta-120571	-729.5	-534.5	-774.5	-414	
@End LU-7053_v2	-666	-427.5	-748	-277	
@	1829.5	1830.5	1829.5	1830.5	