
Exp(1,-10,0)	-1.24	-0.05	-3.19	-0.05	
U(0,3)	2.21177e-017	3	2.21177e-017	3	
Charcoal	
IntCal20	
SC_colonization	-960	-863	-1052.5	-833	
After()	-900		-854.5		
Start LU-7254_v2	
Beta-120575	-411	-228	-535	-201	
Beta-120576	-349.5	8	-386	114	
1	
End LU-7254_v2	
C_Date(1830)	1829.5	1830.5	1829.5	1830.5	
Before()		1830.05		1830.05	
LU-7254_v2	
@Charcoal	-75.5	2.5	-593	2.5	
@	
@	3.59955e-017	2.454	3.59955e-017	2.88	
@SC_colonization	-963.5	-864	-1058.5	-833.5	
@Start LU-7254_v2	-698	-221	-956.5	16.5	
@Beta-120575	-405.5	-178	-530.5	322	
@Beta-120576	-349.5	-22	-397.5	373.5	
@End LU-7254_v2	-349	540.5	-365.5	1826	
@	1829.5	1830.5	1829.5	1830.5	