
Exp(1,-10,0)	-1.24	-0.05	-3.19	-0.05	
U(0,3)	2.21177e-017	3	2.21177e-017	3	
Charcoal	
IntCal20	
SC_colonization	-960	-863	-1052.5	-833	
After()	-900		-854.5		
Start LU-7469_v2	
WK-15029	-352	-162	-361	-58.5	
WK-15033	-192	-53	-348.5	1	
WK-12996	-164.5	-51	-345	8.5	
WK-14530	-155	-44.5	-336.5	12	
WK-15030	-101.5	25.5	-167.5	77	
WK-15031	-43.5	65	-104.5	125	
WK-15032	-30.5	108.5	-49	129	
1	
End LU-7469_v2	
C_Date(1830)	1829.5	1830.5	1829.5	1830.5	
Before()		1830.05		1830.05	
LU-7469_v2	
@Charcoal	-28	2.5	-159	2.5	
@	
@	0.042	1.866	3.59955e-017	2.145	
@SC_colonization	-960	-862	-1053.5	-832.5	
@Start LU-7469_v2	-222	-55.5	-360.5	44	
@WK-15029	-184	-37	-291	94.5	
@WK-15033	-147.5	-27	-194.5	69	
@WK-12996	-136	-18	-186	69	
@WK-14530	-117	5	-170.5	74	
@WK-15030	-87	26.5	-152.5	91.5	
@WK-15031	-46.5	51.5	-108	124	
@WK-15032	-38.5	52	-89.5	130	
@End LU-7469_v2	-22	104	-75	245.5	
@	1829.5	1830.5	1829.5	1830.5	