
Exp(1,-10,0)	-1.24	-0.05	-3.19	-0.05	
U(0,3)	2.21177e-017	3	2.21177e-017	3	
Charcoal	
IntCal20	
SC_colonization	-960	-863	-1052.5	-833	
After()	-900		-854.5		
Start LU-8745_v2	
WK-11500	671.5	772	655.5	827	
WK-15690	674	771.5	659	821	
WK-15686	707.5	877	681.5	887.5	
WK-15685	784.5	878.5	684.5	893	
WK-11501	777	886	688	975	
1	
End LU-8745_v2	
C_Date(1830)	1829.5	1830.5	1829.5	1830.5	
Before()		1830.05		1830.05	
LU-8745_v2	
@Charcoal	-20.5	2.5	-115	2.5	
@	
@	3.59955e-017	1.341	3.59955e-017	2.04	
@SC_colonization	-960.5	-862.5	-1053.5	-833	
@Start LU-8745_v2	663.5	802.5	550.5	885.5	
@WK-11500	709.5	826.5	672	888.5	
@WK-15690	706.5	825	673.5	884.5	
@WK-15686	713.5	851	691.5	905	
@WK-15685	717	867.5	696.5	910.5	
@WK-11501	718	872.5	695	922.5	
@End LU-8745_v2	794.5	929.5	711.5	1053.5	
@	1829.5	1830.5	1829.5	1830.5	