
Exp(1,-10,0)	-1.24	-0.05	-3.19	-0.05	
U(0,3)	2.21177e-017	3	2.21177e-017	3	
Charcoal	
IntCal20	
SC_colonization	-960	-863	-1052.5	-833	
After()	-900		-854.5		
Start LU-984_v2	
Beta-310256	889	976	774.5	994	
Beta-310255	1045	1160	1032	1203	
1	
End LU-984_v2	
C_Date(1830)	1829.5	1830.5	1829.5	1830.5	
Before()		1830.05		1830.05	
LU-984_v2	
@Charcoal	-55	2.5	-321	2.5	
@	
@	3.59955e-017	2.208	3.59955e-017	2.637	
@SC_colonization	-960.5	-863	-1054	-832.5	
@Start LU-984_v2	412	1120.5	-666	1291	
@Beta-310256	886	1034	777	1332.5	
@Beta-310255	1047	1171.5	1029.5	1352.5	
@End LU-984_v2	1084	1511.5	1065.5	1788.5	
@	1829.5	1830.5	1829.5	1830.5	