
Exp(1,-10,0)	-1.24	-0.05	-3.19	-0.05	
U(0,3)	2.21177e-017	3	2.21177e-017	3	
Charcoal	
IntCal20	
SC_colonization	-960	-863	-1052.5	-833	
After()	-900		-854.5		
Start LU-9497_v2	
Beta-308720	-359.5	-203.5	-383	-195	
Beta-308719	-365	-207	-385	-198.5	
Beta-308721	-365	-207	-385	-198.5	
Beta-308717	-359.5	-203.5	-383	-195	
Beta-308718	-359.5	-203.5	-383	-195	
1	
End LU-9497_v2	
C_Date(1830)	1829.5	1830.5	1829.5	1830.5	
Before()		1830.05		1830.05	
LU-9497_v2	
@Charcoal	-14	2.5	-72	2.5	
@	
@	3.59955e-017	1.26	3.59955e-017	1.866	
@SC_colonization	-960.5	-862.5	-1053.5	-833	
@Start LU-9497_v2	-326	-224.5	-423.5	-204.5	
@Beta-308720	-288.5	-206.5	-365.5	-195.5	
@Beta-308719	-286	-207.5	-368.5	-183.5	
@Beta-308721	-286	-207.5	-368.5	-183.5	
@Beta-308717	-288.5	-207	-365	-185	
@Beta-308718	-288.5	-206.5	-364.5	-184.5	
@End LU-9497_v2	-264.5	-174.5	-357	-90	
@	1829.5	1830.5	1829.5	1830.5	