
Exp(1,-10,0)	-1.24	-0.05	-3.19	-0.05	
U(0,3)	2.21177e-017	3	2.21177e-017	3	
Charcoal	
IntCal20	
SC_colonization	-960	-863	-1052.5	-833	
After()	-900		-854.5		
Start LU-Ridgeline_v2	
Beta-193195	1265.5	1378	1225	1387.5	
Beta-193196	1281.5	1387.5	1274	1396	
Beta-194326	1295.5	1392.5	1284.5	1398	
Beta-193194	1276.5	1384	1263	1395	
Beta-120572	1265	1385	1222.5	1394.5	
NZ-7598	1305.5	1401	1291	1420.5	
NZ-7594	1307	1415.5	1291	1436	
NZ-A375	1296.5	1431	1221	1623.5	
Beta-194325	1321	1416	1302.5	1429.5	
NZ-7596	1328	1443	1302.5	1460.5	
1	
End LU-Ridgeline_v2	
C_Date(1830)	1829.5	1830.5	1829.5	1830.5	
Before()		1830.05		1830.05	
LU-Ridgeline_v2	
@Charcoal	-12	2.5	-52.5	2.5	
@	
@	3.59955e-017	1.077	3.59955e-017	1.638	
@SC_colonization	-960.5	-862.5	-1053	-833	
@Start LU-Ridgeline_v2	1267	1377.5	1251	1383.5	
@Beta-193195	1284.5	1385.5	1271	1391.5	
@Beta-193196	1295	1389	1279.5	1395.5	
@Beta-194326	1304.5	1390.5	1291	1396.5	
@Beta-193194	1290.5	1391	1278	1401	
@Beta-120572	1287.5	1391.5	1274.5	1400.5	
@NZ-7598	1314.5	1392	1297.5	1407.5	
@NZ-7594	1329.5	1391	1296.5	1412	
@NZ-A375	1310	1393	1286.5	1413	
@Beta-194325	1325.5	1385.5	1305.5	1410.5	
@NZ-7596	1326	1386.5	1304	1420.5	
@End LU-Ridgeline_v2	1365.5	1420.5	1314	1449	
@	1829.5	1830.5	1829.5	1830.5	