
Exp(1,-10,0)	-1.24	-0.05	-3.19	-0.05	
U(0,3)	2.21177e-017	3	2.21177e-017	3	
Charcoal	
SC_colonization	
IntCal20	
NZA-53689	-895	-817	-898.5	-812.5	
NZA-53697	-929	-843.5	-977.5	-834.5	
Marine20	
LocalMarine	-131	-55	-165.5	-20.5	
SUA-112	-1033	-807	-1185	-739	
Wk-12305	-1033	-822.5	-1164.5	-759.5	
Wk-12304	-1100	-885	-1201.5	-797	
SUA-111	-1189.5	-938	-1301.5	-819.5	
NZA-53598	-996.5	-827	-1099	-773.5	
NZA-53597	-975	-814	-1081	-760	
NZA-53601	-1066.5	-881.5	-1154.5	-803	
NZA-53599	-1077.5	-892.5	-1168.5	-809.5	
1	
End 1	
SC Nanggu	
@Charcoal	-12	2.5	-51	2.5	
@	
@	3.59955e-017	1.131	3.59955e-017	1.869	
@SC_colonization	-960	-863	-1052.5	-833	
@NZA-53689	-897.5	-852	-904	-813	
@NZA-53697	-917.5	-847.5	-961	-820	
@LocalMarine	-85.5	-32	-114.5	-6.5	
@SUA-112	-914.5	-840.5	-976.5	-804	
@Wk-12305	-915	-841.5	-978.5	-804.5	
@Wk-12304	-919	-843	-988	-809	
@SUA-111	-922.5	-843	-999.5	-809.5	
@NZA-53598	-913.5	-841.5	-970	-805.5	
@NZA-53597	-910.5	-842.5	-963.5	-804	
@NZA-53601	-919	-843.5	-986	-810.5	
@NZA-53599	-919.5	-844.5	-988	-811.5	
@End 1	-884.5	-819.5	-899.5	-772	